{
 "cells": [
  {
   "cell_type": "code",
   "execution_count": 3,
   "metadata": {},
   "outputs": [],
   "source": [
    "import numpy as np\n",
    "import pickle as pkl\n",
    "from pprint import pprint\n",
    "import os\n",
    "import matplotlib\n",
    "import matplotlib.pyplot as plt\n",
    "from datetime import datetime\n",
    "import pandas as pd\n",
    "\n",
    "import graspologic.utils as graspologic_utils\n",
    "from graspologic.embed import AdjacencySpectralEmbed\n",
    "\n",
    "from graspologic.datasets import load_drosophila_right\n",
    "from graspologic.plot import heatmap\n",
    "from graspologic.utils import binarize, symmetrize\n",
    "import graspologic.utils as graspologic_utils\n",
    "from graspologic.embed import AdjacencySpectralEmbed\n",
    "from scipy.linalg import orthogonal_procrustes\n",
    "from graspologic.plot import heatmap\n",
    "from sklearn.manifold import Isomap\n",
    "import piecewise_regression\n",
    "from sklearn.linear_model import LinearRegression\n",
    "\n",
    "\n",
    "plt.ion()\n",
    "\n",
    "\n",
    "def filter_matrix_TC(data, well):\n",
    "\n",
    "    # Extract necessary data from the loaded data structure\n",
    "    adj_matrix = data[well]['win_0']['adj_matrix_predicted']\n",
    "    votes = data[well]['win_0']['votes']  # This variable is loaded but not used in the snippet you provided\n",
    "    corr_peaks = data[well]['win_0']['corr_peaks']\n",
    "    fs = data['config']['data']['fs']  # Sampling frequency\n",
    "\n",
    "    # Initialize a matrix to track synchronization based on correlation peaks\n",
    "    synced_matrix = np.full(adj_matrix.shape, False)\n",
    "    for key in corr_peaks.keys():\n",
    "        if np.all(np.abs(np.array(corr_peaks[key]['delays'])) < 1/fs):\n",
    "            synced_matrix[key[0], key[1]] = True\n",
    "            synced_matrix[key[1], key[0]] = True\n",
    "\n",
    "    # Create the filtered matrix as per the given logic\n",
    "    filtered_matrix = np.logical_and(adj_matrix, np.logical_not(synced_matrix))\n",
    "\n",
    "    return filtered_matrix\n",
    "\n",
    "import warnings\n",
    "\n",
    "def find_optimal_neighbors(X):\n",
    "    n_neighbors = 2\n",
    "    while True:\n",
    "        try:\n",
    "            with warnings.catch_warnings():\n",
    "                warnings.simplefilter(\"error\")\n",
    "                isomap = Isomap(n_neighbors=n_neighbors)\n",
    "                isomap.fit(X)\n",
    "                print(f\"Successful with n_neighbors={n_neighbors}\")\n",
    "                return n_neighbors\n",
    "        except Warning as w:\n",
    "            print(f\"Warning encountered with n_neighbors={n_neighbors}: {w}\")\n",
    "            n_neighbors += 1\n"
   ]
  },
  {
   "cell_type": "code",
   "execution_count": 4,
   "metadata": {},
   "outputs": [
    {
     "data": {
      "text/plain": [
       "36"
      ]
     },
     "execution_count": 4,
     "metadata": {},
     "output_type": "execute_result"
    }
   ],
   "source": [
    "## data's path and name together\n",
    "dr='/Users/tianyichen/Desktop/Research /PhDresearch/Hopkins_Organoid/2024May28 No window data /OneDrive_1_6-17-2024/Run_8_TBS_Experiment_ecr_results/'\n",
    "\n",
    "os.chdir(dr)\n",
    "\n",
    "dr1=dr+'230601 RUN 8 Wells 1-3'\n",
    "dr2=dr+'230602 RUN 8 Wells 4-6'\n",
    "\n",
    "filenames=os.listdir(dr1)\n",
    "filenames.remove('.DS_Store')\n",
    "sorted_filenames = sorted(filenames, key=lambda x: int(x.split('#')[1].split()[0]))\n",
    "\n",
    "sorted_filenames_updated1=['230601 RUN 8 Wells 1-3/'+filename + '/data.raw_20240521_16h16m.pkl' for filename in sorted_filenames]\n",
    "\n",
    "filenames=os.listdir(dr2)\n",
    "filenames.remove('.DS_Store')\n",
    "sorted_filenames = sorted(filenames, key=lambda x: int(x.split('#')[1].split()[0]))\n",
    "sorted_filenames_updated2=['230602 RUN 8 Wells 4-6/'+filename + '/data.raw_20240521_16h16m.pkl' for filename in sorted_filenames]\n",
    "sorted_filenames_updated=sorted_filenames_updated1+sorted_filenames_updated2\n",
    "\n",
    "len(sorted_filenames_updated)\n",
    "#sorted_filenames_updated\n"
   ]
  },
  {
   "cell_type": "code",
   "execution_count": 5,
   "metadata": {},
   "outputs": [
    {
     "name": "stdout",
     "output_type": "stream",
     "text": [
      "4\n"
     ]
    }
   ],
   "source": [
    "well='well003'\n",
    "\n",
    "well_number = int(well[4:])+1\n",
    "print(well_number)"
   ]
  },
  {
   "cell_type": "code",
   "execution_count": 6,
   "metadata": {},
   "outputs": [],
   "source": [
    "df = pd.read_csv('/Users/tianyichen/Desktop/Research /PhDresearch/Hopkins_Organoid/April 19 2024/Time-file.csv')\n",
    "df['time'] = pd.to_datetime(df['Unnamed: 1'].astype(str) + ' ' + df['Unnamed: 2'].astype(str), errors='coerce')\n",
    "\n",
    "for i in df.loc[df['Unnamed: 2'].isnull(),'time'].index:\n",
    "    df.loc[i,'time'] = df.loc[i-1,'time']+pd.Timedelta(10,'min')\n",
    "\n",
    "stimulus_time=df[df[str(well_number)]==True]['time']\n",
    "time=df[df['Unnamed: 2'].notna()]['time']\n",
    "time_diff = [(t - time[0]).total_seconds() / 60 for t in time]\n",
    "stimulus_time_diff = [(t - time[0]).total_seconds() / 60 for t in stimulus_time]"
   ]
  },
  {
   "cell_type": "code",
   "execution_count": 7,
   "metadata": {},
   "outputs": [
    {
     "name": "stdout",
     "output_type": "stream",
     "text": [
      "0 22163 936\n",
      "1 23405 935\n",
      "2 19708 934\n",
      "3 20723 940\n",
      "4 11436 909\n",
      "5 21830 930\n",
      "6 21525 944\n",
      "7 20830 935\n",
      "8 23102 939\n",
      "9 22506 925\n",
      "10 13730 925\n",
      "11 23617 932\n",
      "12 11850 913\n",
      "13 12899 912\n",
      "14 13569 896\n",
      "15 12214 907\n",
      "16 10777 911\n",
      "17 22986 937\n",
      "18 21397 931\n",
      "19 7112 922\n",
      "20 6556 920\n",
      "21 10245 913\n",
      "22 955 687\n",
      "23 12045 926\n",
      "24 11202 918\n",
      "25 4195 929\n",
      "26 7815 919\n",
      "27 23640 928\n",
      "28 3794 922\n",
      "29 22941 935\n",
      "30 20822 941\n",
      "31 21955 934\n",
      "32 10252 913\n",
      "33 23458 932\n",
      "34 8886 903\n",
      "35 9049 909\n"
     ]
    }
   ],
   "source": [
    "## read in all the time series of graphs\n",
    "all_adj = []\n",
    "num_vertices = []\n",
    "for i in range(len(sorted_filenames_updated)):\n",
    "    with open(sorted_filenames_updated[i], 'rb') as f:\n",
    "        data = pkl.load(f)\n",
    "    adj = filter_matrix_TC(data, well)\n",
    "    all_adj.append(adj)\n",
    "    num_vertices.append(adj.shape[0])\n",
    "    print(i,sum(sum(adj)), adj.shape[0] )\n"
   ]
  },
  {
   "cell_type": "code",
   "execution_count": 149,
   "metadata": {},
   "outputs": [],
   "source": [
    "#s,u=np.linalg.eig(all_adj[1])\n",
    "#plt.scatter(range(all_adj[1].shape[0]),s)"
   ]
  },
  {
   "cell_type": "code",
   "execution_count": 8,
   "metadata": {},
   "outputs": [],
   "source": [
    "## add zeros to the adj mat such that they have the same dims \n",
    "dim = max(num_vertices) # Max number of vertices to determine dimension\n",
    "m=len(all_adj)\n",
    "adj_aug = np.zeros((m, dim, dim))  # Pre-allocate a zero matrix of the desired size\n",
    "for i in range(m):\n",
    "    ma = all_adj[i]  \n",
    "    l = ma.shape[0]  \n",
    "    adj_aug[i, :l, :l] = ma "
   ]
  },
  {
   "cell_type": "code",
   "execution_count": 9,
   "metadata": {},
   "outputs": [
    {
     "name": "stdout",
     "output_type": "stream",
     "text": [
      "Frob diff before GM: 200.47942537826668, After GM: 125.45915670049756,OFV before GM: 2688.0, After GM: 14914.0\n",
      "Frob diff before GM: 202.75354497517424, After GM: 124.65552534885889,OFV before GM: 1002.0, After GM: 13787.0\n",
      "Frob diff before GM: 195.99234678935807, After GM: 121.83185133617563,OFV before GM: 1009.0, After GM: 12794.0\n",
      "Frob diff before GM: 177.70481141488546, After GM: 122.5275479229059,OFV before GM: 290.0, After GM: 8573.0\n",
      "Frob diff before GM: 180.033330247485, After GM: 124.73171208638162,OFV before GM: 427.0, After GM: 8854.0\n",
      "Frob diff before GM: 203.2707553978191, After GM: 130.05767951182276,OFV before GM: 1018.0, After GM: 13220.0\n",
      "Frob diff before GM: 203.18218425836454, After GM: 133.41289293018121,OFV before GM: 536.0, After GM: 12278.0\n",
      "Frob diff before GM: 205.53831759552767, After GM: 130.65221008463652,OFV before GM: 843.0, After GM: 13431.0\n",
      "Frob diff before GM: 210.72731194603134, After GM: 123.76590806841762,OFV before GM: 601.0, After GM: 15145.0\n",
      "Frob diff before GM: 187.70189130640105, After GM: 124.73171208638162,OFV before GM: 502.0, After GM: 10339.0\n",
      "Frob diff before GM: 190.7380402541664, After GM: 129.2555608088101,OFV before GM: 483.0, After GM: 10320.0\n",
      "Frob diff before GM: 186.51273414970893, After GM: 129.1239714383042,OFV before GM: 340.0, After GM: 9397.0\n",
      "Frob diff before GM: 156.32977963267268, After GM: 100.27462291128299,OFV before GM: 155.0, After GM: 7347.0\n",
      "Frob diff before GM: 161.3877318757532, After GM: 101.39033484509261,OFV before GM: 211.0, After GM: 8094.0\n",
      "Frob diff before GM: 159.38946012832844, After GM: 101.32620588969075,OFV before GM: 189.0, After GM: 7758.0\n",
      "Frob diff before GM: 150.9271347372632, After GM: 96.91749068150702,OFV before GM: 106.0, After GM: 6799.0\n",
      "Frob diff before GM: 178.51890656174209, After GM: 127.03936397825676,OFV before GM: 947.0, After GM: 8812.0\n",
      "Frob diff before GM: 208.1754068087775, After GM: 129.04650324592293,OFV before GM: 523.0, After GM: 13865.0\n",
      "Frob diff before GM: 166.8921807635097, After GM: 128.80605575826007,OFV before GM: 328.0, After GM: 5959.0\n",
      "Frob diff before GM: 116.43023662262307, After GM: 76.0920495189872,OFV before GM: 56.0, After GM: 3939.0\n",
      "Frob diff before GM: 129.1317157014496, After GM: 88.74119674649424,OFV before GM: 63.0, After GM: 4463.0\n",
      "Frob diff before GM: 105.80170130957252, After GM: 96.63332758422428,OFV before GM: 3.0, After GM: 931.0\n",
      "Frob diff before GM: 113.89468819923079, After GM: 105.49881515922347,OFV before GM: 14.0, After GM: 935.0\n",
      "Frob diff before GM: 151.0198662428225, After GM: 102.42558274181309,OFV before GM: 220.0, After GM: 6378.0\n",
      "Frob diff before GM: 123.42204017111368, After GM: 94.50396817065408,OFV before GM: 82.0, After GM: 3233.0\n",
      "Frob diff before GM: 109.0596167240652, After GM: 79.28429857165919,OFV before GM: 58.0, After GM: 2862.0\n",
      "Frob diff before GM: 176.1561807033747, After GM: 138.4882666510055,OFV before GM: 212.0, After GM: 6138.0\n",
      "Frob diff before GM: 164.76650144977893, After GM: 143.77760604489143,OFV before GM: 143.0, After GM: 3381.0\n",
      "Frob diff before GM: 162.9509128541476, After GM: 140.66627172140448,OFV before GM: 91.0, After GM: 3474.0\n",
      "Frob diff before GM: 206.88402548287772, After GM: 131.65485179058157,OFV before GM: 481.0, After GM: 13215.0\n",
      "Frob diff before GM: 204.3452960065389, After GM: 128.68954891520912,OFV before GM: 510.0, After GM: 13108.0\n",
      "Frob diff before GM: 177.43449495518058, After GM: 127.91012469699183,OFV before GM: 362.0, After GM: 7923.0\n",
      "Frob diff before GM: 181.67553495173752, After GM: 132.70267518026907,OFV before GM: 352.0, After GM: 8050.0\n",
      "Frob diff before GM: 178.44887222955487, After GM: 133.1465358167459,OFV before GM: 250.0, After GM: 7308.0\n",
      "Frob diff before GM: 133.4053971921676, After GM: 86.67756341753038,OFV before GM: 69.0, After GM: 5211.0\n"
     ]
    }
   ],
   "source": [
    "graph_matching=True\n",
    "\n",
    "from scipy.optimize import quadratic_assignment\n",
    "from numpy import linalg as LA\n",
    "adj_gm=np.zeros([m,dim,dim])\n",
    "adj_gm[0]=adj_aug[0] ## use the first graph as baseline\n",
    "for i in range(1, m):\n",
    "    res = quadratic_assignment(adj_gm[i-1],adj_aug[i],options = {'maximize': True})\n",
    "    perm = res['col_ind']\n",
    "    ofv=res['fun']\n",
    "    fun_I = np.trace(adj_aug[i].T  @ adj_gm[i-1] )\n",
    "    adj_gm[i]=adj_aug[i][perm][:,perm]\n",
    "    before_norm = LA.norm(adj_aug[i] - adj_gm[i-1], 'fro')\n",
    "    after_norm = LA.norm(adj_gm[i] - adj_gm[i-1], 'fro')\n",
    "\n",
    "     # Printing the before and after norms to see the difference\n",
    "    print(f\"Frob diff before GM: {before_norm}, After GM: {after_norm},OFV before GM: {fun_I}, After GM: {ofv}\")"
   ]
  },
  {
   "cell_type": "code",
   "execution_count": 10,
   "metadata": {},
   "outputs": [],
   "source": [
    "choosen_time_points=range(m)\n",
    "from scipy.linalg import orthogonal_procrustes\n",
    "tm=choosen_time_points\n",
    "\n",
    "D=np.zeros([len(tm),len(tm)])"
   ]
  },
  {
   "cell_type": "code",
   "execution_count": 11,
   "metadata": {},
   "outputs": [
    {
     "name": "stdout",
     "output_type": "stream",
     "text": [
      "0 0 384\n",
      "0 1 370\n",
      "0 2 323\n",
      "0 3 311\n",
      "0 4 259\n",
      "0 5 279\n",
      "0 6 285\n",
      "0 7 285\n",
      "0 8 278\n",
      "0 9 277\n",
      "0 10 251\n",
      "0 11 271\n",
      "0 12 243\n",
      "0 13 243\n",
      "0 14 240\n",
      "0 15 228\n",
      "0 16 225\n",
      "0 17 246\n",
      "0 18 248\n",
      "0 19 207\n",
      "0 20 202\n",
      "0 21 215\n",
      "0 22 118\n",
      "0 23 182\n",
      "0 24 179\n",
      "0 25 155\n",
      "0 26 160\n",
      "0 27 202\n",
      "0 28 151\n",
      "0 29 186\n",
      "0 30 186\n",
      "0 31 187\n",
      "0 32 163\n",
      "0 33 198\n",
      "0 34 156\n",
      "0 35 157\n",
      "1 0 370\n",
      "1 1 397\n",
      "1 2 356\n",
      "1 3 333\n",
      "1 4 263\n",
      "1 5 284\n",
      "1 6 286\n",
      "1 7 289\n",
      "1 8 282\n",
      "1 9 280\n",
      "1 10 251\n",
      "1 11 269\n",
      "1 12 241\n",
      "1 13 241\n",
      "1 14 234\n",
      "1 15 225\n",
      "1 16 223\n",
      "1 17 244\n",
      "1 18 248\n",
      "1 19 208\n",
      "1 20 203\n",
      "1 21 214\n",
      "1 22 120\n",
      "1 23 184\n",
      "1 24 175\n",
      "1 25 156\n",
      "1 26 168\n",
      "1 27 203\n",
      "1 28 157\n",
      "1 29 191\n",
      "1 30 191\n",
      "1 31 192\n",
      "1 32 164\n",
      "1 33 200\n",
      "1 34 153\n",
      "1 35 157\n",
      "2 0 323\n",
      "2 1 356\n",
      "2 2 372\n",
      "2 3 361\n",
      "2 4 265\n",
      "2 5 278\n",
      "2 6 277\n",
      "2 7 276\n",
      "2 8 272\n",
      "2 9 271\n",
      "2 10 248\n",
      "2 11 264\n",
      "2 12 236\n",
      "2 13 234\n",
      "2 14 229\n",
      "2 15 224\n",
      "2 16 218\n",
      "2 17 240\n",
      "2 18 245\n",
      "2 19 209\n",
      "2 20 200\n",
      "2 21 213\n",
      "2 22 113\n",
      "2 23 178\n",
      "2 24 173\n",
      "2 25 153\n",
      "2 26 159\n",
      "2 27 199\n",
      "2 28 143\n",
      "2 29 186\n",
      "2 30 185\n",
      "2 31 187\n",
      "2 32 161\n",
      "2 33 188\n",
      "2 34 148\n",
      "2 35 147\n",
      "3 0 311\n",
      "3 1 333\n",
      "3 2 361\n",
      "3 3 392\n",
      "3 4 305\n",
      "3 5 297\n",
      "3 6 287\n",
      "3 7 287\n",
      "3 8 280\n",
      "3 9 277\n",
      "3 10 248\n",
      "3 11 270\n",
      "3 12 233\n",
      "3 13 240\n",
      "3 14 237\n",
      "3 15 224\n",
      "3 16 214\n",
      "3 17 245\n",
      "3 18 246\n",
      "3 19 209\n",
      "3 20 205\n",
      "3 21 215\n",
      "3 22 120\n",
      "3 23 180\n",
      "3 24 177\n",
      "3 25 159\n",
      "3 26 164\n",
      "3 27 202\n",
      "3 28 149\n",
      "3 29 190\n",
      "3 30 186\n",
      "3 31 186\n",
      "3 32 163\n",
      "3 33 185\n",
      "3 34 154\n",
      "3 35 150\n",
      "4 0 259\n",
      "4 1 263\n",
      "4 2 265\n",
      "4 3 305\n",
      "4 4 308\n",
      "4 5 308\n",
      "4 6 277\n",
      "4 7 265\n",
      "4 8 258\n",
      "4 9 260\n",
      "4 10 227\n",
      "4 11 251\n",
      "4 12 222\n",
      "4 13 215\n",
      "4 14 216\n",
      "4 15 209\n",
      "4 16 205\n",
      "4 17 231\n",
      "4 18 231\n",
      "4 19 194\n",
      "4 20 194\n",
      "4 21 204\n",
      "4 22 107\n",
      "4 23 165\n",
      "4 24 164\n",
      "4 25 145\n",
      "4 26 156\n",
      "4 27 181\n",
      "4 28 140\n",
      "4 29 173\n",
      "4 30 170\n",
      "4 31 173\n",
      "4 32 151\n",
      "4 33 172\n",
      "4 34 140\n",
      "4 35 145\n",
      "5 0 279\n",
      "5 1 284\n",
      "5 2 278\n",
      "5 3 297\n",
      "5 4 308\n",
      "5 5 388\n",
      "5 6 374\n",
      "5 7 344\n",
      "5 8 318\n",
      "5 9 310\n",
      "5 10 272\n",
      "5 11 299\n",
      "5 12 251\n",
      "5 13 247\n",
      "5 14 245\n",
      "5 15 235\n",
      "5 16 228\n",
      "5 17 256\n",
      "5 18 261\n",
      "5 19 214\n",
      "5 20 203\n",
      "5 21 216\n",
      "5 22 122\n",
      "5 23 178\n",
      "5 24 176\n",
      "5 25 159\n",
      "5 26 164\n",
      "5 27 198\n",
      "5 28 156\n",
      "5 29 192\n",
      "5 30 184\n",
      "5 31 188\n",
      "5 32 162\n",
      "5 33 192\n",
      "5 34 158\n",
      "5 35 156\n",
      "6 0 285\n",
      "6 1 286\n",
      "6 2 277\n",
      "6 3 287\n",
      "6 4 277\n",
      "6 5 374\n",
      "6 6 405\n",
      "6 7 387\n",
      "6 8 333\n",
      "6 9 323\n",
      "6 10 269\n",
      "6 11 298\n",
      "6 12 254\n",
      "6 13 248\n",
      "6 14 248\n",
      "6 15 243\n",
      "6 16 234\n",
      "6 17 258\n",
      "6 18 264\n",
      "6 19 212\n",
      "6 20 209\n",
      "6 21 223\n",
      "6 22 117\n",
      "6 23 177\n",
      "6 24 177\n",
      "6 25 155\n",
      "6 26 161\n",
      "6 27 200\n",
      "6 28 158\n",
      "6 29 194\n",
      "6 30 188\n",
      "6 31 194\n",
      "6 32 161\n",
      "6 33 197\n",
      "6 34 157\n",
      "6 35 159\n",
      "7 0 285\n",
      "7 1 289\n",
      "7 2 276\n",
      "7 3 287\n",
      "7 4 265\n",
      "7 5 344\n",
      "7 6 387\n",
      "7 7 412\n",
      "7 8 379\n",
      "7 9 341\n",
      "7 10 275\n",
      "7 11 302\n",
      "7 12 260\n",
      "7 13 256\n",
      "7 14 253\n",
      "7 15 241\n",
      "7 16 230\n",
      "7 17 262\n",
      "7 18 265\n",
      "7 19 215\n",
      "7 20 211\n",
      "7 21 225\n",
      "7 22 114\n",
      "7 23 176\n",
      "7 24 181\n",
      "7 25 157\n",
      "7 26 164\n",
      "7 27 203\n",
      "7 28 161\n",
      "7 29 198\n",
      "7 30 194\n",
      "7 31 197\n",
      "7 32 161\n",
      "7 33 201\n",
      "7 34 155\n",
      "7 35 157\n",
      "8 0 278\n",
      "8 1 282\n",
      "8 2 272\n",
      "8 3 280\n",
      "8 4 258\n",
      "8 5 318\n",
      "8 6 333\n",
      "8 7 379\n",
      "8 8 394\n",
      "8 9 361\n",
      "8 10 289\n",
      "8 11 305\n",
      "8 12 253\n",
      "8 13 251\n",
      "8 14 256\n",
      "8 15 239\n",
      "8 16 228\n",
      "8 17 258\n",
      "8 18 261\n",
      "8 19 215\n",
      "8 20 215\n",
      "8 21 222\n",
      "8 22 117\n",
      "8 23 175\n",
      "8 24 175\n",
      "8 25 155\n",
      "8 26 161\n",
      "8 27 198\n",
      "8 28 159\n",
      "8 29 191\n",
      "8 30 189\n",
      "8 31 187\n",
      "8 32 164\n",
      "8 33 194\n",
      "8 34 155\n",
      "8 35 153\n",
      "9 0 277\n",
      "9 1 280\n",
      "9 2 271\n",
      "9 3 277\n",
      "9 4 260\n",
      "9 5 310\n",
      "9 6 323\n",
      "9 7 341\n",
      "9 8 361\n",
      "9 9 387\n",
      "9 10 319\n",
      "9 11 313\n",
      "9 12 254\n",
      "9 13 252\n",
      "9 14 253\n",
      "9 15 239\n",
      "9 16 231\n",
      "9 17 258\n",
      "9 18 260\n",
      "9 19 212\n",
      "9 20 215\n",
      "9 21 226\n",
      "9 22 115\n",
      "9 23 176\n",
      "9 24 177\n",
      "9 25 155\n",
      "9 26 164\n",
      "9 27 200\n",
      "9 28 155\n",
      "9 29 191\n",
      "9 30 189\n",
      "9 31 190\n",
      "9 32 163\n",
      "9 33 190\n",
      "9 34 150\n",
      "9 35 153\n",
      "10 0 251\n",
      "10 1 251\n",
      "10 2 248\n",
      "10 3 248\n",
      "10 4 227\n",
      "10 5 272\n",
      "10 6 269\n",
      "10 7 275\n",
      "10 8 289\n",
      "10 9 319\n",
      "10 10 320\n",
      "10 11 318\n",
      "10 12 248\n",
      "10 13 233\n",
      "10 14 240\n",
      "10 15 232\n",
      "10 16 221\n",
      "10 17 248\n",
      "10 18 247\n",
      "10 19 202\n",
      "10 20 196\n",
      "10 21 216\n",
      "10 22 111\n",
      "10 23 168\n",
      "10 24 170\n",
      "10 25 142\n",
      "10 26 151\n",
      "10 27 189\n",
      "10 28 141\n",
      "10 29 174\n",
      "10 30 170\n",
      "10 31 174\n",
      "10 32 151\n",
      "10 33 174\n",
      "10 34 144\n",
      "10 35 144\n",
      "11 0 271\n",
      "11 1 269\n",
      "11 2 264\n",
      "11 3 270\n",
      "11 4 251\n",
      "11 5 299\n",
      "11 6 298\n",
      "11 7 302\n",
      "11 8 305\n",
      "11 9 313\n",
      "11 10 318\n",
      "11 11 395\n",
      "11 12 298\n",
      "11 13 276\n",
      "11 14 270\n",
      "11 15 253\n",
      "11 16 243\n",
      "11 17 262\n",
      "11 18 264\n",
      "11 19 217\n",
      "11 20 222\n",
      "11 21 232\n",
      "11 22 119\n",
      "11 23 183\n",
      "11 24 181\n",
      "11 25 164\n",
      "11 26 171\n",
      "11 27 210\n",
      "11 28 160\n",
      "11 29 198\n",
      "11 30 191\n",
      "11 31 194\n",
      "11 32 172\n",
      "11 33 198\n",
      "11 34 162\n",
      "11 35 156\n",
      "12 0 243\n",
      "12 1 241\n",
      "12 2 236\n",
      "12 3 233\n",
      "12 4 222\n",
      "12 5 251\n",
      "12 6 254\n",
      "12 7 260\n",
      "12 8 253\n",
      "12 9 254\n",
      "12 10 248\n",
      "12 11 298\n",
      "12 12 302\n",
      "12 13 287\n",
      "12 14 264\n",
      "12 15 240\n",
      "12 16 226\n",
      "12 17 245\n",
      "12 18 248\n",
      "12 19 203\n",
      "12 20 202\n",
      "12 21 213\n",
      "12 22 111\n",
      "12 23 168\n",
      "12 24 167\n",
      "12 25 141\n",
      "12 26 155\n",
      "12 27 185\n",
      "12 28 139\n",
      "12 29 176\n",
      "12 30 173\n",
      "12 31 173\n",
      "12 32 152\n",
      "12 33 173\n",
      "12 34 138\n",
      "12 35 142\n",
      "13 0 243\n",
      "13 1 241\n",
      "13 2 234\n",
      "13 3 240\n",
      "13 4 215\n",
      "13 5 247\n",
      "13 6 248\n",
      "13 7 256\n",
      "13 8 251\n",
      "13 9 252\n",
      "13 10 233\n",
      "13 11 276\n",
      "13 12 287\n",
      "13 13 299\n",
      "13 14 294\n",
      "13 15 252\n",
      "13 16 228\n",
      "13 17 249\n",
      "13 18 247\n",
      "13 19 200\n",
      "13 20 200\n",
      "13 21 219\n",
      "13 22 107\n",
      "13 23 172\n",
      "13 24 167\n",
      "13 25 144\n",
      "13 26 157\n",
      "13 27 187\n",
      "13 28 143\n",
      "13 29 179\n",
      "13 30 180\n",
      "13 31 178\n",
      "13 32 153\n",
      "13 33 182\n",
      "13 34 145\n",
      "13 35 150\n",
      "14 0 240\n",
      "14 1 234\n",
      "14 2 229\n",
      "14 3 237\n",
      "14 4 216\n",
      "14 5 245\n",
      "14 6 248\n",
      "14 7 253\n",
      "14 8 256\n",
      "14 9 253\n",
      "14 10 240\n",
      "14 11 270\n",
      "14 12 264\n",
      "14 13 294\n",
      "14 14 314\n",
      "14 15 285\n",
      "14 16 245\n",
      "14 17 264\n",
      "14 18 261\n",
      "14 19 202\n",
      "14 20 206\n",
      "14 21 226\n",
      "14 22 111\n",
      "14 23 172\n",
      "14 24 170\n",
      "14 25 147\n",
      "14 26 159\n",
      "14 27 194\n",
      "14 28 148\n",
      "14 29 180\n",
      "14 30 179\n",
      "14 31 176\n",
      "14 32 157\n",
      "14 33 176\n",
      "14 34 150\n",
      "14 35 148\n",
      "15 0 228\n",
      "15 1 225\n",
      "15 2 224\n",
      "15 3 224\n",
      "15 4 209\n",
      "15 5 235\n",
      "15 6 243\n",
      "15 7 241\n",
      "15 8 239\n",
      "15 9 239\n",
      "15 10 232\n",
      "15 11 253\n",
      "15 12 240\n",
      "15 13 252\n",
      "15 14 285\n",
      "15 15 296\n",
      "15 16 274\n",
      "15 17 265\n",
      "15 18 260\n",
      "15 19 205\n",
      "15 20 196\n",
      "15 21 221\n",
      "15 22 121\n",
      "15 23 169\n",
      "15 24 165\n",
      "15 25 149\n",
      "15 26 157\n",
      "15 27 188\n",
      "15 28 144\n",
      "15 29 176\n",
      "15 30 177\n",
      "15 31 177\n",
      "15 32 156\n",
      "15 33 177\n",
      "15 34 146\n",
      "15 35 151\n",
      "16 0 225\n",
      "16 1 223\n",
      "16 2 218\n",
      "16 3 214\n",
      "16 4 205\n",
      "16 5 228\n",
      "16 6 234\n",
      "16 7 230\n",
      "16 8 228\n",
      "16 9 231\n",
      "16 10 221\n",
      "16 11 243\n",
      "16 12 226\n",
      "16 13 228\n",
      "16 14 245\n",
      "16 15 274\n",
      "16 16 277\n",
      "16 17 276\n",
      "16 18 258\n",
      "16 19 203\n",
      "16 20 194\n",
      "16 21 223\n",
      "16 22 108\n",
      "16 23 163\n",
      "16 24 164\n",
      "16 25 148\n",
      "16 26 150\n",
      "16 27 183\n",
      "16 28 142\n",
      "16 29 172\n",
      "16 30 170\n",
      "16 31 171\n",
      "16 32 152\n",
      "16 33 173\n",
      "16 34 142\n",
      "16 35 142\n",
      "17 0 246\n",
      "17 1 244\n",
      "17 2 240\n",
      "17 3 245\n",
      "17 4 231\n",
      "17 5 256\n",
      "17 6 258\n",
      "17 7 262\n",
      "17 8 258\n",
      "17 9 258\n",
      "17 10 248\n",
      "17 11 262\n",
      "17 12 245\n",
      "17 13 249\n",
      "17 14 264\n",
      "17 15 265\n",
      "17 16 276\n",
      "17 17 385\n",
      "17 18 367\n",
      "17 19 238\n",
      "17 20 234\n",
      "17 21 244\n",
      "17 22 130\n",
      "17 23 183\n",
      "17 24 182\n",
      "17 25 163\n",
      "17 26 172\n",
      "17 27 205\n",
      "17 28 162\n",
      "17 29 191\n",
      "17 30 192\n",
      "17 31 192\n",
      "17 32 169\n",
      "17 33 198\n",
      "17 34 163\n",
      "17 35 159\n",
      "18 0 248\n",
      "18 1 248\n",
      "18 2 245\n",
      "18 3 246\n",
      "18 4 231\n",
      "18 5 261\n",
      "18 6 264\n",
      "18 7 265\n",
      "18 8 261\n",
      "18 9 260\n",
      "18 10 247\n",
      "18 11 264\n",
      "18 12 248\n",
      "18 13 247\n",
      "18 14 261\n",
      "18 15 260\n",
      "18 16 258\n",
      "18 17 367\n",
      "18 18 394\n",
      "18 19 262\n",
      "18 20 247\n",
      "18 21 247\n",
      "18 22 127\n",
      "18 23 185\n",
      "18 24 178\n",
      "18 25 164\n",
      "18 26 171\n",
      "18 27 214\n",
      "18 28 162\n",
      "18 29 197\n",
      "18 30 198\n",
      "18 31 201\n",
      "18 32 168\n",
      "18 33 201\n",
      "18 34 158\n",
      "18 35 159\n",
      "19 0 207\n",
      "19 1 208\n",
      "19 2 209\n",
      "19 3 209\n",
      "19 4 194\n",
      "19 5 214\n",
      "19 6 212\n",
      "19 7 215\n",
      "19 8 215\n",
      "19 9 212\n",
      "19 10 202\n",
      "19 11 217\n",
      "19 12 203\n",
      "19 13 200\n",
      "19 14 202\n",
      "19 15 205\n",
      "19 16 203\n",
      "19 17 238\n",
      "19 18 262\n",
      "19 19 263\n",
      "19 20 249\n",
      "19 21 239\n",
      "19 22 110\n",
      "19 23 161\n",
      "19 24 159\n",
      "19 25 138\n",
      "19 26 151\n",
      "19 27 175\n",
      "19 28 133\n",
      "19 29 167\n",
      "19 30 165\n",
      "19 31 167\n",
      "19 32 147\n",
      "19 33 169\n",
      "19 34 140\n",
      "19 35 145\n",
      "20 0 202\n",
      "20 1 203\n",
      "20 2 200\n",
      "20 3 205\n",
      "20 4 194\n",
      "20 5 203\n",
      "20 6 209\n",
      "20 7 211\n",
      "20 8 215\n",
      "20 9 215\n",
      "20 10 196\n",
      "20 11 222\n",
      "20 12 202\n",
      "20 13 200\n",
      "20 14 206\n",
      "20 15 196\n",
      "20 16 194\n",
      "20 17 234\n",
      "20 18 247\n",
      "20 19 249\n",
      "20 20 258\n",
      "20 21 257\n",
      "20 22 117\n",
      "20 23 163\n",
      "20 24 159\n",
      "20 25 142\n",
      "20 26 150\n",
      "20 27 172\n",
      "20 28 129\n",
      "20 29 164\n",
      "20 30 164\n",
      "20 31 160\n",
      "20 32 142\n",
      "20 33 167\n",
      "20 34 137\n",
      "20 35 137\n",
      "21 0 215\n",
      "21 1 214\n",
      "21 2 213\n",
      "21 3 215\n",
      "21 4 204\n",
      "21 5 216\n",
      "21 6 223\n",
      "21 7 225\n",
      "21 8 222\n",
      "21 9 226\n",
      "21 10 216\n",
      "21 11 232\n",
      "21 12 213\n",
      "21 13 219\n",
      "21 14 226\n",
      "21 15 221\n",
      "21 16 223\n",
      "21 17 244\n",
      "21 18 247\n",
      "21 19 239\n",
      "21 20 257\n",
      "21 21 284\n",
      "21 22 147\n",
      "21 23 175\n",
      "21 24 172\n",
      "21 25 155\n",
      "21 26 157\n",
      "21 27 188\n",
      "21 28 146\n",
      "21 29 177\n",
      "21 30 174\n",
      "21 31 174\n",
      "21 32 159\n",
      "21 33 180\n",
      "21 34 147\n",
      "21 35 153\n",
      "22 0 118\n",
      "22 1 120\n",
      "22 2 113\n",
      "22 3 120\n",
      "22 4 107\n",
      "22 5 122\n",
      "22 6 117\n",
      "22 7 114\n",
      "22 8 117\n",
      "22 9 115\n",
      "22 10 111\n",
      "22 11 119\n",
      "22 12 111\n",
      "22 13 107\n",
      "22 14 111\n",
      "22 15 121\n",
      "22 16 108\n",
      "22 17 130\n",
      "22 18 127\n",
      "22 19 110\n",
      "22 20 117\n",
      "22 21 147\n",
      "22 22 148\n",
      "22 23 148\n",
      "22 24 138\n",
      "22 25 91\n",
      "22 26 104\n",
      "22 27 131\n",
      "22 28 81\n",
      "22 29 116\n",
      "22 30 123\n",
      "22 31 129\n",
      "22 32 108\n",
      "22 33 128\n",
      "22 34 101\n",
      "22 35 107\n",
      "23 0 182\n",
      "23 1 184\n",
      "23 2 178\n",
      "23 3 180\n",
      "23 4 165\n",
      "23 5 178\n",
      "23 6 177\n",
      "23 7 176\n",
      "23 8 175\n",
      "23 9 176\n",
      "23 10 168\n",
      "23 11 183\n",
      "23 12 168\n",
      "23 13 172\n",
      "23 14 172\n",
      "23 15 169\n",
      "23 16 163\n",
      "23 17 183\n",
      "23 18 185\n",
      "23 19 161\n",
      "23 20 163\n",
      "23 21 175\n",
      "23 22 148\n",
      "23 23 302\n",
      "23 24 289\n",
      "23 25 215\n",
      "23 26 235\n",
      "23 27 264\n",
      "23 28 200\n",
      "23 29 244\n",
      "23 30 242\n",
      "23 31 240\n",
      "23 32 207\n",
      "23 33 231\n",
      "23 34 193\n",
      "23 35 191\n",
      "24 0 179\n",
      "24 1 175\n",
      "24 2 173\n",
      "24 3 177\n",
      "24 4 164\n",
      "24 5 176\n",
      "24 6 177\n",
      "24 7 181\n",
      "24 8 175\n",
      "24 9 177\n",
      "24 10 170\n",
      "24 11 181\n",
      "24 12 167\n",
      "24 13 167\n",
      "24 14 170\n",
      "24 15 165\n",
      "24 16 164\n",
      "24 17 182\n",
      "24 18 178\n",
      "24 19 159\n",
      "24 20 159\n",
      "24 21 172\n",
      "24 22 138\n",
      "24 23 289\n",
      "24 24 302\n",
      "24 25 265\n",
      "24 26 256\n",
      "24 27 264\n",
      "24 28 197\n",
      "24 29 234\n",
      "24 30 237\n",
      "24 31 235\n",
      "24 32 214\n",
      "24 33 231\n",
      "24 34 191\n",
      "24 35 194\n",
      "25 0 155\n",
      "25 1 156\n",
      "25 2 153\n",
      "25 3 159\n",
      "25 4 145\n",
      "25 5 159\n",
      "25 6 155\n",
      "25 7 157\n",
      "25 8 155\n",
      "25 9 155\n",
      "25 10 142\n",
      "25 11 164\n",
      "25 12 141\n",
      "25 13 144\n",
      "25 14 147\n",
      "25 15 149\n",
      "25 16 148\n",
      "25 17 163\n",
      "25 18 164\n",
      "25 19 138\n",
      "25 20 142\n",
      "25 21 155\n",
      "25 22 91\n",
      "25 23 215\n",
      "25 24 265\n",
      "25 25 279\n",
      "25 26 258\n",
      "25 27 245\n",
      "25 28 147\n",
      "25 29 217\n",
      "25 30 218\n",
      "25 31 214\n",
      "25 32 174\n",
      "25 33 216\n",
      "25 34 172\n",
      "25 35 167\n",
      "26 0 160\n",
      "26 1 168\n",
      "26 2 159\n",
      "26 3 164\n",
      "26 4 156\n",
      "26 5 164\n",
      "26 6 161\n",
      "26 7 164\n",
      "26 8 161\n",
      "26 9 164\n",
      "26 10 151\n",
      "26 11 171\n",
      "26 12 155\n",
      "26 13 157\n",
      "26 14 159\n",
      "26 15 157\n",
      "26 16 150\n",
      "26 17 172\n",
      "26 18 171\n",
      "26 19 151\n",
      "26 20 150\n",
      "26 21 157\n",
      "26 22 104\n",
      "26 23 235\n",
      "26 24 256\n",
      "26 25 258\n",
      "26 26 282\n",
      "26 27 282\n",
      "26 28 201\n",
      "26 29 240\n",
      "26 30 239\n",
      "26 31 236\n",
      "26 32 204\n",
      "26 33 231\n",
      "26 34 192\n",
      "26 35 196\n",
      "27 0 202\n",
      "27 1 203\n",
      "27 2 199\n",
      "27 3 202\n",
      "27 4 181\n",
      "27 5 198\n",
      "27 6 200\n",
      "27 7 203\n",
      "27 8 198\n",
      "27 9 200\n",
      "27 10 189\n",
      "27 11 210\n",
      "27 12 185\n",
      "27 13 187\n",
      "27 14 194\n",
      "27 15 188\n",
      "27 16 183\n",
      "27 17 205\n",
      "27 18 214\n",
      "27 19 175\n",
      "27 20 172\n",
      "27 21 188\n",
      "27 22 131\n",
      "27 23 264\n",
      "27 24 264\n",
      "27 25 245\n",
      "27 26 282\n",
      "27 27 424\n",
      "27 28 297\n",
      "27 29 309\n",
      "27 30 304\n",
      "27 31 294\n",
      "27 32 254\n",
      "27 33 275\n",
      "27 34 224\n",
      "27 35 224\n",
      "28 0 151\n",
      "28 1 157\n",
      "28 2 143\n",
      "28 3 149\n",
      "28 4 140\n",
      "28 5 156\n",
      "28 6 158\n",
      "28 7 161\n",
      "28 8 159\n",
      "28 9 155\n",
      "28 10 141\n",
      "28 11 160\n",
      "28 12 139\n",
      "28 13 143\n",
      "28 14 148\n",
      "28 15 144\n",
      "28 16 142\n",
      "28 17 162\n",
      "28 18 162\n",
      "28 19 133\n",
      "28 20 129\n",
      "28 21 146\n",
      "28 22 81\n",
      "28 23 200\n",
      "28 24 197\n",
      "28 25 147\n",
      "28 26 201\n",
      "28 27 297\n",
      "28 28 297\n",
      "28 29 297\n",
      "28 30 257\n",
      "28 31 251\n",
      "28 32 193\n",
      "28 33 235\n",
      "28 34 180\n",
      "28 35 175\n",
      "29 0 186\n",
      "29 1 191\n",
      "29 2 186\n",
      "29 3 190\n",
      "29 4 173\n",
      "29 5 192\n",
      "29 6 194\n",
      "29 7 198\n",
      "29 8 191\n",
      "29 9 191\n",
      "29 10 174\n",
      "29 11 198\n",
      "29 12 176\n",
      "29 13 179\n",
      "29 14 180\n",
      "29 15 176\n",
      "29 16 172\n",
      "29 17 191\n",
      "29 18 197\n",
      "29 19 167\n",
      "29 20 164\n",
      "29 21 177\n",
      "29 22 116\n",
      "29 23 244\n",
      "29 24 234\n",
      "29 25 217\n",
      "29 26 240\n",
      "29 27 309\n",
      "29 28 297\n",
      "29 29 392\n",
      "29 30 380\n",
      "29 31 344\n",
      "29 32 264\n",
      "29 33 288\n",
      "29 34 233\n",
      "29 35 236\n",
      "30 0 186\n",
      "30 1 191\n",
      "30 2 185\n",
      "30 3 186\n",
      "30 4 170\n",
      "30 5 184\n",
      "30 6 188\n",
      "30 7 194\n",
      "30 8 189\n",
      "30 9 189\n",
      "30 10 170\n",
      "30 11 191\n",
      "30 12 173\n",
      "30 13 180\n",
      "30 14 179\n",
      "30 15 177\n",
      "30 16 170\n",
      "30 17 192\n",
      "30 18 198\n",
      "30 19 165\n",
      "30 20 164\n",
      "30 21 174\n",
      "30 22 123\n",
      "30 23 242\n",
      "30 24 237\n",
      "30 25 218\n",
      "30 26 239\n",
      "30 27 304\n",
      "30 28 257\n",
      "30 29 380\n",
      "30 30 392\n",
      "30 31 371\n",
      "30 32 261\n",
      "30 33 290\n",
      "30 34 231\n",
      "30 35 234\n",
      "31 0 187\n",
      "31 1 192\n",
      "31 2 187\n",
      "31 3 186\n",
      "31 4 173\n",
      "31 5 188\n",
      "31 6 194\n",
      "31 7 197\n",
      "31 8 187\n",
      "31 9 190\n",
      "31 10 174\n",
      "31 11 194\n",
      "31 12 173\n",
      "31 13 178\n",
      "31 14 176\n",
      "31 15 177\n",
      "31 16 171\n",
      "31 17 192\n",
      "31 18 201\n",
      "31 19 167\n",
      "31 20 160\n",
      "31 21 174\n",
      "31 22 129\n",
      "31 23 240\n",
      "31 24 235\n",
      "31 25 214\n",
      "31 26 236\n",
      "31 27 294\n",
      "31 28 251\n",
      "31 29 344\n",
      "31 30 371\n",
      "31 31 378\n",
      "31 32 279\n",
      "31 33 293\n",
      "31 34 232\n",
      "31 35 234\n",
      "32 0 163\n",
      "32 1 164\n",
      "32 2 161\n",
      "32 3 163\n",
      "32 4 151\n",
      "32 5 162\n",
      "32 6 161\n",
      "32 7 161\n",
      "32 8 164\n",
      "32 9 163\n",
      "32 10 151\n",
      "32 11 172\n",
      "32 12 152\n",
      "32 13 153\n",
      "32 14 157\n",
      "32 15 156\n",
      "32 16 152\n",
      "32 17 169\n",
      "32 18 168\n",
      "32 19 147\n",
      "32 20 142\n",
      "32 21 159\n",
      "32 22 108\n",
      "32 23 207\n",
      "32 24 214\n",
      "32 25 174\n",
      "32 26 204\n",
      "32 27 254\n",
      "32 28 193\n",
      "32 29 264\n",
      "32 30 261\n",
      "32 31 279\n",
      "32 32 279\n",
      "32 33 279\n",
      "32 34 218\n",
      "32 35 217\n",
      "33 0 198\n",
      "33 1 200\n",
      "33 2 188\n",
      "33 3 185\n",
      "33 4 172\n",
      "33 5 192\n",
      "33 6 197\n",
      "33 7 201\n",
      "33 8 194\n",
      "33 9 190\n",
      "33 10 174\n",
      "33 11 198\n",
      "33 12 173\n",
      "33 13 182\n",
      "33 14 176\n",
      "33 15 177\n",
      "33 16 173\n",
      "33 17 198\n",
      "33 18 201\n",
      "33 19 169\n",
      "33 20 167\n",
      "33 21 180\n",
      "33 22 128\n",
      "33 23 231\n",
      "33 24 231\n",
      "33 25 216\n",
      "33 26 231\n",
      "33 27 275\n",
      "33 28 235\n",
      "33 29 288\n",
      "33 30 290\n",
      "33 31 293\n",
      "33 32 279\n",
      "33 33 396\n",
      "33 34 258\n",
      "33 35 251\n",
      "34 0 156\n",
      "34 1 153\n",
      "34 2 148\n",
      "34 3 154\n",
      "34 4 140\n",
      "34 5 158\n",
      "34 6 157\n",
      "34 7 155\n",
      "34 8 155\n",
      "34 9 150\n",
      "34 10 144\n",
      "34 11 162\n",
      "34 12 138\n",
      "34 13 145\n",
      "34 14 150\n",
      "34 15 146\n",
      "34 16 142\n",
      "34 17 163\n",
      "34 18 158\n",
      "34 19 140\n",
      "34 20 137\n",
      "34 21 147\n",
      "34 22 101\n",
      "34 23 193\n",
      "34 24 191\n",
      "34 25 172\n",
      "34 26 192\n",
      "34 27 224\n",
      "34 28 180\n",
      "34 29 233\n",
      "34 30 231\n",
      "34 31 232\n",
      "34 32 218\n",
      "34 33 258\n",
      "34 34 258\n",
      "34 35 249\n",
      "35 0 157\n",
      "35 1 157\n",
      "35 2 147\n",
      "35 3 150\n",
      "35 4 145\n",
      "35 5 156\n",
      "35 6 159\n",
      "35 7 157\n",
      "35 8 153\n",
      "35 9 153\n",
      "35 10 144\n",
      "35 11 156\n",
      "35 12 142\n",
      "35 13 150\n",
      "35 14 148\n",
      "35 15 151\n",
      "35 16 142\n",
      "35 17 159\n",
      "35 18 159\n",
      "35 19 145\n",
      "35 20 137\n",
      "35 21 153\n",
      "35 22 107\n",
      "35 23 191\n",
      "35 24 194\n",
      "35 25 167\n",
      "35 26 196\n",
      "35 27 224\n",
      "35 28 175\n",
      "35 29 236\n",
      "35 30 234\n",
      "35 31 234\n",
      "35 32 217\n",
      "35 33 251\n",
      "35 34 249\n",
      "35 35 266\n"
     ]
    }
   ],
   "source": [
    "Pairwise_lccc=True\n",
    "\n",
    "for i in range(len(tm)):\n",
    "    for j in range(len(tm)):\n",
    "        prod=adj_gm[choosen_time_points[i]] * adj_gm[choosen_time_points[j]]\n",
